0.00003197|1510574732
0.00003137|1510574764
0.00003144|1510574793
0.00003127|1510574821
0.00003143|1510574860
0.00003142|1510574892
0.00003147|1510574922
0.00003145|1510574956
0.00003144|1510574986
0.00003134|1510575022
0.00003130|1510575051
0.00003139|1510575086
0.00003133|1510575115
0.00003138|1510575150
0.00003132|1510575182
0.00003149|1510575214
0.00003138|1510575241
0.00003149|1510575278
0.00003136|1510575311
0.00003133|1510575341
0.00003138|1510575371
0.00003151|1510575406
0.00003144|1510575438
0.00003138|1510575471
0.00003127|1510575501
0.00003136|1510575531
0.00003140|1510575564
0.00003149|1510575591
0.00003143|1510575626
0.00003143|1510575662
0.00003143|1510575693
0.00003148|1510575721
0.00003134|1510575757
0.00003148|1510575786
0.00003148|1510575821
0.00003135|1510575851
0.00003146|1510575886
0.00003137|1510575901
0.00003150|1510575931
0.00003131|1510575963
0.00003151|1510575994
0.00003150|1510576021
0.00003158|1510576061
0.00003132|1510576091
0.00003138|1510576126
0.00003155|1510576156
0.00003159|1510576189
0.00003135|1510576221
0.00003145|1510576251
0.00003155|1510576286
0.00003149|1510576311
0.00003142|1510576341
0.00003153|1510576381
0.00003126|1510576411
0.00003159|1510576441
0.00003149|1510576476
0.00003170|1510576506
0.00003182|1510576541
0.00003137|1510576572
0.00003160|1510576604
0.00003153|1510576636
0.00003178|1510576669
0.00003181|1510576701
0.00003180|1510576731
0.00003130|1510576762
0.00003146|1510576796
0.00003143|1510576828
0.00003165|1510576860
0.00003148|1510576892
0.00003083|1510581540
0.00003077|1510581555
0.00003073|1510581565
0.00003063|1510581580
0.00003070|1510581590
0.00003091|1510581600
0.00003083|1510581615
0.00003083|1510581627
0.00003071|1510581640
0.00003076|1510581650
0.00003076|1510581660
0.00003086|1510581676
0.00003078|1510581688
0.00003078|1510581700
0.00003083|1510581711
0.00003086|1510581721
0.00003092|1510581736
0.00003092|1510581746
0.00003051|1510581760
0.00003065|1510581770
0.00003064|1510581785
0.00003072|1510581796
0.00003072|1510581806
0.00003081|1510581821
0.00003063|1510581830
0.00003058|1510581845
0.00003051|1510581858
0.00003051|1510581870
0.00003051|1510581880
0.00003051|1510581895
0.00003051|1510581905
0.00003050|1510581915
0.00003050|1510581925
0.00003050|1510581943
0.00003050|1510581955
0.00003050|1510581967
0.00003060|1510581976
0.00003060|1510581990
0.00003080|1510582000
0.00003080|1510582015
0.00003068|1510582025
0.00003064|1510582040
0.00003064|1510582046
0.00003061|1510582061
0.00003070|1510582075
0.00003070|1510582085
0.00003076|1510582095
0.00003068|1510582111
0.00003058|1510582121
0.00003062|1510582135
0.00003069|1510582146
0.00003083|1510582161
0.00003058|1510582170
0.00003087|1510582183
0.00003068|1510582195
0.00003077|1510582206
0.00003061|1510582221
0.00003061|1510582225
0.00003057|1510582245
0.00003057|1510582257
0.00003088|1510582269
0.00003075|1510582281
0.00003082|1510582285
0.00003074|1510582305
0.00003059|1510582315
0.00003061|1510582325
0.00003073|1510582341
0.00003080|1510582348
0.00003081|1510582365
0.00003073|1510582377
0.00003066|1510582386
0.00003084|1510582401
0.00003073|1510582410
0.00003062|1510582425
0.00003070|1510582435
0.00003056|1510582680
0.00003064|1510582690
0.00003071|1510582701
0.00003063|1510582715
0.00003094|1510582730
0.00003094|1510582745
0.00003065|1510582755
0.00003071|1510582765
0.00003070|1510582780
0.00003056|1510582790
0.00003065|1510582805
0.00003082|1510582817
0.00003058|1510582830
0.00003077|1510582840
0.00003085|1510582850
0.00003057|1510582865
0.00003057|1510582875
0.00003063|1510582885
0.00003064|1510582901
0.00003055|1510582910
0.00003056|1510582925
0.00003063|1510582935
0.00003058|1510582945
0.00003059|1510582960
0.00003061|1510582970
0.00003063|1510582985
0.00003063|1510582995
0.00003062|1510583007
0.00003055|1510583021
0.00003058|1510583030
0.00003056|1510583045
0.00003064|1510583055
0.00003063|1510583070
0.00003062|1510583080
0.00003060|1510583095
0.00003063|1510583107
0.00003063|1510583115
0.00003062|1510583130
0.00003060|1510583143
0.00003063|1510583155
0.00003055|1510583165
0.00003055|1510583177
0.00003061|1510583185
0.00003061|1510583200
0.00003061|1510583215
0.00003061|1510583225
0.00003064|1510583235
0.00003063|1510583250
0.00003063|1510583262
0.00003063|1510583275
0.00003058|1510583285
0.00003064|1510583295
0.00003063|1510583305
0.00003063|1510583320
0.00003056|1510583335
0.00003059|1510583345
0.00003064|1510583355
0.00003056|1510583375
0.00003061|1510583388
0.00003056|1510583400
0.00003057|1510583406
0.00003099|1510583421
0.00003050|1510583436
0.00003062|1510583448
0.00003086|1510583460
0.00003072|1510583470
0.00003092|1510583485
0.00003062|1510583500
0.00003080|1510583510
0.00003080|1510583525
0.00003076|1510583536
0.00003062|1510583545
0.00003085|1510583560
0.00003073|1510583570
0.00003085|1510583585
0.00003090|1510583595
0.00003090|1510583605
0.00003077|1510583621
0.00003068|1510583635
0.00003080|1510583646
0.00003075|1510583661
0.00003085|1510583670
0.00003073|1510583685
0.00003090|1510583696
0.00003090|1510583705
0.00003086|1510583721
0.00003086|1510583725
0.00003085|1510583745
0.00003086|1510583755
0.00003060|1510583770
0.00003067|1510583782
0.00003059|1510583789
0.00003071|1510583805
0.00003058|1510583826
0.00003060|1510583841
0.00003082|1510583855
0.00003072|1510583865
0.00003059|1510583880
0.00003087|1510583890
0.00003071|1510583901
0.00003077|1510583915
0.00003075|1510583925
0.00003066|1510583940
0.00003065|1510583950
0.00003075|1510583965
0.00003090|1510583975
0.00003066|1510583990
0.00003057|1510584000
0.00003057|1510584021
0.00003081|1510584030
0.00003061|1510584045
0.00003075|1510584055
0.00003076|1510584065
0.00003088|1510584080
0.00003094|1510584090
0.00003083|1510584105
0.00003083|1510584115
0.00003068|1510584126
0.00003057|1510584141
0.00003080|1510584145
0.00003082|1510584165
0.00003086|1510584175
0.00003083|1510584185
0.00003073|1510584201
0.00003067|1510584205
0.00003058|1510584225
0.00003081|1510584235
0.00003080|1510584245
0.00003092|1510584260
0.00003076|1510584273
0.00003073|1510584285
0.00003088|1510584295
0.00003062|1510584305
0.00003069|1510584321
0.00003093|1510584335
0.00003076|1510584345
0.00003058|1510584355
0.00003074|1510584375
0.00003074|1510584385
0.00003075|1510584400
0.00003083|1510584410
0.00003068|1510584422
0.00003072|1510584436
0.00003062|1510584448
0.00003076|1510584460
0.00003081|1510584470
0.00003081|1510584480
0.00003077|1510584497
0.00003085|1510584510
0.00003085|1510584525
0.00003088|1510584536
0.00003058|1510584547
0.00003071|1510584561
0.00003070|1510584571
0.00003076|1510584585
0.00003071|1510584595
0.00003083|1510584605
0.00003072|1510584621
0.00003062|1510584633
0.00003083|1510584646
0.00003065|1510584656
0.00003060|1510584670
0.00003061|1510584680
0.00003061|1510584686
0.00003083|1510584706
0.00003060|1510584716
0.00003070|1510584726
0.00003088|1510584741
0.00003088|1510584745
0.00003075|1510584765
0.00003066|1510584775
0.00003067|1510584790
0.00003059|1510584801
0.00003066|1510584810
0.00003064|1510584825
0.00003064|1510584840
0.00003069|1510584850
0.00003064|1510584861
0.00003063|1510584876
0.00003063|1510584885
0.00003089|1510584900
0.00003068|1510584906
0.00003061|1510584925
0.00003061|1510584936
0.00003084|1510584950
0.00003086|1510584962
0.00003075|1510584974
0.00003078|1510584985
0.00003080|1510584999
0.00003068|1510585010
0.00003067|1510585021
0.00003081|1510585035
0.00003060|1510585046
0.00003072|1510585060
0.00003072|1510585071
0.00003075|1510585085
0.00003048|1510585096
0.00003010|1510585107
0.00002956|1510585121
0.00002952|1510585133
0.00002930|1510585145
0.00002929|1510585156
0.00002929|1510585166
0.00002929|1510585180
0.00002929|1510585193
0.00002929|1510585205
0.00002929|1510585216
0.00002929|1510585230
0.00002926|1510585240
0.00002926|1510585255
0.00002926|1510585265
0.00002926|1510585278
0.00002926|1510585290
0.00002924|1510585302
0.00002920|1510585315
0.00002919|1510585326
0.00002916|1510585340
0.00002920|1510585350
0.00002919|1510585361
0.00002918|1510585375
0.00002918|1510585385
0.00002910|1510585401
0.00002910|1510585405
0.00002910|1510585421
0.00002909|1510585435
0.00002917|1510585445
0.00002911|1510585461
0.00002914|1510585471
0.00002914|1510585485
0.00002916|1510585495
0.00002916|1510585505
0.00002912|1510585522
0.00002909|1510585534
0.00002909|1510585545
0.00002922|1510585557
0.00002922|1510585570
0.00002908|1510585581
0.00002913|1510585593
0.00002912|1510585605
0.00002914|1510585617
0.00002914|1510585630
0.00002909|1510585641
0.00002914|1510585653
0.00002912|1510585665
0.00002912|1510585675
0.00002917|1510585688
0.00002916|1510585701
0.00002909|1510585713
0.00002914|1510585725
0.00002910|1510585738
0.00002911|1510585751
0.00002908|1510585763
0.00002912|1510585775
0.00002914|1510585785
0.00002912|1510585800
0.00002911|1510585807
0.00002910|1510585821
0.00002916|1510585835
0.00002916|1510585845
0.00002915|1510585860
0.00002916|1510585870
0.00002909|1510585885
0.00002911|1510585895
0.00002912|1510585907
0.00002913|1510585921
0.00002916|1510585933
0.00002906|1510585945
0.00002906|1510585955
0.00002910|1510585970
0.00002916|1510585981
0.00002907|1510585985
0.00002913|1510586005
0.00002909|1510586015
0.00002909|1510586030
0.00002916|1510586040
0.00002917|1510586050
0.00002907|1510586066
0.00002909|1510586075
0.00002910|1510586090
0.00002922|1510586100
0.00002922|1510586110
0.00002922|1510586125
0.00002922|1510586140
0.00002922|1510586150
0.00002922|1510586160
0.00002922|1510586175
0.00002901|1510586185
0.00002918|1510586200
0.00002920|1510586210
0.00002920|1510586221
0.00002920|1510586235
0.00002915|1510586245
0.00002915|1510586260
0.00002909|1510586270
0.00002913|1510586285
0.00002914|1510586296
0.00002916|1510586305
0.00002917|1510586321
0.00002913|1510586330
0.00002900|1510586346
0.00002910|1510586355
0.00002919|1510586370
0.00002919|1510586380
0.00002910|1510586395
0.00002911|1510586407
0.00002921|1510586420
0.00002921|1510586425
0.00002921|1510586445
0.00002921|1510586455
0.00002910|1510586465
0.00002915|1510586481
0.00002909|1510586485
0.00002913|1510586505
0.00002910|1510586515
0.00002908|1510586526
0.00002910|1510586540
0.00002912|1510586553
0.00002912|1510586561
0.00002916|1510586575
0.00002915|1510586586
0.00002911|1510586600
0.00002914|1510586613
0.00002915|1510586624
0.00002918|1510586637
0.00002911|1510586649
0.00002908|1510586661
0.00002909|1510586670
0.00002919|1510586685
0.00002913|1510586697
0.00002908|1510586706
0.00002919|1510586721
0.00002911|1510586732
0.00002918|1510586745
0.00002909|1510586755
0.00002910|1510586770
0.00002920|1510586781
0.00002907|1510586791
0.00002901|1510586806
0.00002916|1510586817
0.00002919|1510586829
0.00002913|1510586841
0.00002910|1510586854
0.00002918|1510586866
0.00002916|1510586876
0.00002912|1510586890
0.00002912|1510586902
0.00002910|1510586914
0.00002907|1510586925
0.00002918|1510586936
0.00002917|1510586950
0.00002911|1510586962
0.00002909|1510586974
0.00002910|1510586987
0.00002907|1510586999
0.00002914|1510587011
0.00002912|1510587023
0.00002908|1510587036
0.00002910|1510587047
0.00002917|1510587060
0.00002909|1510587072
0.00002913|1510587085
0.00002911|1510587095
0.00002913|1510587106
0.00002915|1510587125
0.00002908|1510587135
0.00002915|1510587150
0.00002913|1510587160
0.00002912|1510587174
0.00002912|1510587186
0.00002913|1510587197
0.00002908|1510587209
0.00002909|1510587221
0.00002913|1510587232
0.00002915|1510587245
0.00002907|1510587256
0.00002916|1510587270
0.00002907|1510587281
0.00002914|1510587293
0.00002913|1510587305
0.00002908|1510587317
0.00002912|1510587328
0.00002911|1510587347
0.00002913|1510587356
0.00002908|1510587370
0.00002908|1510587382
0.00002905|1510587396
0.00002905|1510587408
0.00002913|1510587420
0.00002911|1510587433
0.00002906|1510587445
0.00002910|1510587456
0.00002908|1510587467
0.00002906|1510587481
0.00002913|1510587492
0.00002914|1510587506
0.00002905|1510587518
0.00002906|1510587530
0.00002914|1510587542
0.00002905|1510587555
0.00002910|1510587566
0.00002914|1510587578
0.00002906|1510587590
0.00002906|1510587601
0.00002910|1510587614
0.00002911|1510587625
0.00002917|1510587638
0.00002916|1510587650
0.00002916|1510587663
0.00002913|1510587675
0.00002915|1510587688
0.00002915|1510587700
0.00002907|1510587711
0.00002903|1510587724
0.00002911|1510587736
0.00002911|1510587745
0.00002909|1510587760
0.00002916|1510587771
0.00002910|1510587783
0.00002911|1510587795
0.00002911|1510587808
0.00002906|1510587820
0.00002908|1510587832
0.00002908|1510587845
0.00002917|1510587856
0.00002912|1510587868
0.00002912|1510587881
0.00002909|1510587891
0.00002917|1510587902
0.00002910|1510587916
0.00002916|1510587928
0.00002905|1510587940
0.00002916|1510587951
0.00002918|1510587965
0.00002916|1510587975
0.00002908|1510587989
0.00002918|1510588001
0.00002911|1510588013
0.00002919|1510588025
0.00002917|1510588037
0.00002905|1510588051
0.00002909|1510588061
0.00002907|1510588073
0.00002915|1510588086
0.00002914|1510588099
0.00002917|1510588108
0.00002918|1510588121
0.00002919|1510588137
0.00002904|1510588148
0.00002917|1510588161
0.00002918|1510588173
0.00002917|1510588185
0.00002914|1510588195
0.00002909|1510588208
0.00002915|1510588221
0.00002903|1510588225
0.00002919|1510588245
0.00002903|1510588256
0.00002912|1510588268
0.00002918|1510588280
0.00002908|1510588293
0.00002911|1510588303
0.00002902|1510588316
0.00002913|1510588327
0.00002910|1510588341
0.00002917|1510588350
0.00002907|1510588365
0.00002925|1510588376
0.00002904|1510588386
0.00002905|1510588400
0.00002913|1510588412
0.00002909|1510588424
0.00002917|1510588435
0.00002917|1510588445
0.00002917|1510588460
0.00002908|1510588470
0.00002915|1510588483
0.00002915|1510588495
0.00002917|1510588508
0.00002912|1510588519
0.00002910|1510588531
0.00002913|1510588543
0.00002918|1510588555
0.00002918|1510588567
0.00002904|1510588579
0.00002904|1510588591
0.00002917|1510588603
0.00002915|1510588616
0.00002911|1510588628
0.00002911|1510588639
0.00002918|1510588652
0.00002920|1510588663
0.00002920|1510588675
0.00002908|1510588687
0.00002921|1510588697
0.00002910|1510588711
0.00002918|1510588723
0.00002920|1510588735
0.00002919|1510588747
0.00002921|1510588760
0.00002919|1510588771
0.00002921|1510588783
0.00002919|1510588796
0.00002914|1510588805
0.00002919|1510588820
0.00002912|1510588833
0.00002909|1510588845
0.00002920|1510588857
0.00002914|1510588867
0.00002915|1510588881
0.00002911|1510588892
0.00002909|1510588905
0.00002911|1510588915
0.00002908|1510588925
0.00002916|1510588940
0.00002907|1510588951
0.00002907|1510588961
0.00002919|1510588975
0.00002909|1510588987
0.00002912|1510589000
0.00002907|1510589011
0.00002919|1510589022
0.00002905|1510589035
0.00002905|1510589045
0.00002921|1510589058
0.00002911|1510589070
0.00002921|1510589080
0.00002909|1510589095
0.00002917|1510589105
0.00002911|1510589115
0.00002907|1510589130
0.00002919|1510589140
0.00002918|1510589155
0.00002908|1510589165
0.00002908|1510589180
0.00002912|1510589185
0.00002918|1510589201
0.00002907|1510589215
0.00002907|1510589225
0.00002907|1510589235
0.00002907|1510589252
0.00002907|1510589261
0.00002921|1510589275
0.00002920|1510589287
0.00002920|1510589300
0.00002912|1510589309
0.00002916|1510589321
0.00002919|1510589335
0.00002909|1510589345
0.00002912|1510589360
0.00002914|1510589370
0.00002917|1510589380
0.00002908|1510589395
0.00002921|1510589405
0.00002914|1510589420
0.00002903|1510589430
0.00002903|1510589440
0.00002903|1510589455
0.00002903|1510589465
0.00002903|1510589480
0.00002903|1510589490
0.00002891|1510589504
0.00002903|1510589515
0.00002903|1510589528
0.00002903|1510589540
0.00002903|1510589551
0.00002903|1510589570
0.00002903|1510589581
0.00002903|1510589585
0.00002903|1510589605
0.00002903|1510589615
0.00002903|1510589629
0.00002903|1510589641
0.00002914|1510589653
0.00002918|1510589665
0.00002918|1510589678
0.00002910|1510589685
0.00002921|1510589700
0.00002918|1510589712
0.00002914|1510589725
0.00002914|1510589735
0.00002914|1510589749
0.00002914|1510589761
0.00002914|1510589770
0.00002914|1510589785
0.00002914|1510589795
0.00002914|1510589810
0.00002914|1510589821
0.00002913|1510589834
0.00002907|1510589846
0.00002905|1510589856
0.00002906|1510589870
0.00002911|1510589881
0.00002915|1510589887
0.00002915|1510589905
0.00002907|1510589917
0.00002910|1510589929
0.00002910|1510589941
0.00002915|1510589953
0.00002914|1510589965
0.00002929|1510589977
0.00002929|1510589989
0.00002920|1510590001
0.00002923|1510590010
0.00002929|1510590025
0.00002923|1510590035
0.00002922|1510590050
0.00002922|1510590060
0.00002923|1510590081
0.00002923|1510590092
0.00002925|1510590105
0.00002925|1510590115
0.00002925|1510590125
0.00002925|1510590141
0.00002925|1510590145
0.00002925|1510590165
0.00002925|1510590175
0.00002925|1510590186
0.00002925|1510590201
0.00002925|1510590215
0.00002925|1510590225
0.00002925|1510590235
0.00002925|1510590250
0.00002925|1510590261
0.00002925|1510590275
0.00002929|1510590285
0.00002929|1510590300
0.00002929|1510590305
0.00002929|1510590322
0.00002929|1510590335
0.00002929|1510590345
0.00002929|1510590360
0.00002922|1510590372
0.00002922|1510590385
0.00002920|1510590398
0.00002923|1510590410
0.00002930|1510590426
0.00002917|1510590439
0.00002916|1510590450
0.00002919|1510590463
0.00002919|1510590475
0.00002920|1510590486
0.00002913|1510590499
0.00002912|1510590510
0.00002905|1510590523
0.00002921|1510590534
0.00002921|1510590546
0.00002917|1510590558
0.00002912|1510590570
0.00002922|1510590582
0.00002915|1510590595
0.00002914|1510590606
0.00002917|1510590619
0.00002918|1510590632
0.00002913|1510590643
0.00002913|1510590656
0.00002928|1510590665
0.00002918|1510590681
0.00002918|1510590692
0.00002920|1510590705
0.00002920|1510590717
0.00002920|1510590729
0.00002921|1510590741
0.00002910|1510590753
0.00002911|1510590765
0.00002925|1510590775
0.00002912|1510590789
0.00002912|1510590801
0.00002925|1510590814
0.00002930|1510590826
0.00002944|1510590838
0.00002956|1510590850
0.00002933|1510590862
0.00002940|1510590875
0.00002940|1510590886
0.00002962|1510590898
0.00002965|1510590911
0.00002945|1510590923
0.00002964|1510590935
0.00002954|1510590947
0.00002941|1510590959
0.00002945|1510590972
0.00002945|1510590982
0.00002945|1510590995
0.00002937|1510591006
0.00002939|1510591020
0.00002940|1510591031
0.00002935|1510591044
0.00002935|1510591056
0.00002926|1510591068
0.00002930|1510591082
0.00002922|1510591094
0.00002931|1510591105
0.00002919|1510591118
0.00002924|1510591129
0.00002927|1510591142
0.00002925|1510591154
0.00002919|1510591166
0.00002921|1510591178
0.00002923|1510591189
0.00002928|1510591200
0.00002933|1510591214
0.00002934|1510591225
0.00002929|1510591237
0.00002931|1510591249
0.00002929|1510591262
0.00002937|1510591274
0.00002926|1510591286
0.00002926|1510591298
0.00002933|1510591310
0.00002924|1510591322
0.00002928|1510591335
0.00002930|1510591346
0.00002929|1510591358
0.00002926|1510591371
0.00002927|1510591382
0.00002934|1510591395
0.00002939|1510591407
0.00002929|1510591419
0.00002921|1510591430
0.00002927|1510591443
0.00002926|1510591454
0.00002933|1510591466
0.00002935|1510591478
0.00002940|1510591490
0.00002941|1510591502
0.00002943|1510591514
0.00002936|1510591526
0.00002923|1510591538
0.00002932|1510591550
0.00002919|1510591562
0.00002923|1510591574
0.00002923|1510591586
0.00002929|1510591598
0.00002933|1510591612
0.00002920|1510591624
0.00002918|1510591635
0.00002922|1510591648
0.00002935|1510591660
0.00002918|1510591672
0.00002930|1510591685
0.00002930|1510591696
0.00002927|1510591709
0.00002925|1510591721
0.00002945|1510591737
0.00002950|1510591750
0.00002963|1510591761
0.00002962|1510591774
0.00002962|1510591791
0.00002945|1510591803
0.00002941|1510591815
0.00002934|1510591827
0.00002970|1510591844
0.00002970|1510591856
0.00002962|1510591868
0.00002964|1510591880
0.00002975|1510591898
0.00002969|1510591910
0.00002957|1510591922
0.00002957|1510591934
0.00002971|1510591946
0.00002956|1510591958
0.00002957|1510591970
0.00002969|1510591982
0.00002958|1510591994
0.00002968|1510592006
0.00002939|1510592018
0.00002957|1510592030
0.00002959|1510592042
0.00002946|1510592055
0.00002953|1510592067
0.00002967|1510592077
0.00002960|1510592091
0.00002964|1510592103
0.00002956|1510592114
0.00002946|1510592127
0.00002946|1510592137
0.00002940|1510592150
0.00002931|1510592162
0.00002958|1510592175
0.00002931|1510592187
0.00002930|1510592200
0.00002926|1510592212
0.00002929|1510592223
0.00002957|1510592235
0.00002957|1510592245
0.00002958|1510592260
0.00002966|1510592272
0.00002964|1510592282
0.00002965|1510592296
0.00002953|1510592308
0.00002951|1510592320
0.00002947|1510592332
0.00002932|1510592344
0.00002964|1510592356
0.00002960|1510592368
0.00002945|1510592380
0.00002938|1510592392
0.00002964|1510592405
0.00002952|1510592417
0.00002953|1510592428
0.00002948|1510592440
0.00002959|1510592452
0.00002954|1510592465
0.00002952|1510592477
0.00002951|1510592489
0.00002953|1510592501
0.00002955|1510592510
0.00002955|1510592525
0.00002955|1510592536
0.00002955|1510592549
0.00002955|1510592561
0.00002955|1510592571
0.00002955|1510592585
0.00002955|1510592595
0.00002955|1510592605
0.00002955|1510592621
0.00002955|1510592630
0.00002955|1510592645
0.00002955|1510592655
0.00002955|1510592665
0.00002955|1510592681
0.00002966|1510592693
0.00002973|1510592705
0.00002950|1510592717
0.00002954|1510592729
0.00002939|1510592744
0.00002943|1510592756
0.00002954|1510592768
0.00002954|1510592780
0.00002973|1510592792
0.00002939|1510592808
0.00002949|1510592821
0.00002951|1510592834
0.00002960|1510592846
0.00002957|1510592857
0.00002948|1510592870
0.00002956|1510592885
0.00002931|1510592896
0.00002964|1510592907
0.00002947|1510592920
0.00002942|1510592931
0.00002948|1510592943
0.00002943|1510592956
0.00002948|1510592968
0.00002951|1510592980
0.00002948|1510592992
0.00002960|1510593005
0.00002948|1510593017
0.00002952|1510593029
0.00002968|1510593042
0.00002949|1510593052
0.00002942|1510593066
0.00002944|1510593076
0.00002959|1510593091
0.00002955|1510593105
0.00002955|1510593117
0.00002966|1510593126
0.00002962|1510593141
0.00002941|1510593153
0.00002954|1510593165
0.00002954|1510593176
0.00002952|1510593189
0.00002956|1510593201
0.00002945|1510593213
0.00002966|1510593225
0.00002941|1510593237
0.00002950|1510593249
0.00002962|1510593261
0.00002950|1510593273
0.00002941|1510593285
0.00002961|1510593298
0.00002961|1510593310
0.00002970|1510593322
0.00002967|1510593336
0.00002952|1510593347
0.00002957|1510593360
0.00002978|1510593373
0.00002967|1510593385
0.00002969|1510593397
0.00002971|1510593410
0.00002948|1510593423
0.00002943|1510593435
0.00002946|1510593447
0.00002976|1510593460
0.00002987|1510593472
0.00002969|1510593484
0.00002969|1510593496
0.00002930|1510593507
0.00002929|1510593520
0.00002928|1510593533
0.00002928|1510593545
0.00002940|1510593557
0.00002950|1510593569
0.00002943|1510593581
0.00002941|1510593592
0.00002942|1510593605
0.00002943|1510593617
0.00002947|1510593629
0.00002928|1510593641
0.00002928|1510593654
0.00002929|1510593665
0.00002922|1510593676
0.00002930|1510593689
0.00002924|1510593702
0.00002923|1510593714
0.00002920|1510593726
0.00002921|1510593738
0.00002928|1510593750
0.00002916|1510593762
0.00002909|1510593774
0.00002909|1510593786
0.00002905|1510593798
0.00002926|1510593809
0.00002929|1510593822
0.00002923|1510593833
0.00002928|1510593845
0.00002928|1510593858
0.00002922|1510593870
0.00002919|1510593882
0.00002908|1510593894
0.00002911|1510593906
0.00002925|1510593918
0.00002934|1510593930
0.00002916|1510593941
0.00002925|1510593954
0.00002927|1510593965
0.00002928|1510593976
0.00002921|1510593987
0.00002922|1510594002
0.00002924|1510594013
0.00002918|1510594028
0.00002919|1510594040
0.00002928|1510594050
0.00002928|1510594062
0.00002918|1510594076
0.00002922|1510594089
0.00002936|1510594101
0.00002927|1510594112
0.00002941|1510594125
0.00002933|1510594136
0.00002940|1510594149
0.00002913|1510594161
0.00002941|1510594172
0.00002920|1510594185
0.00002923|1510594198
0.00002924|1510594209
0.00002934|1510594222
0.00002932|1510594235
0.00002932|1510594245
0.00002926|1510594259
0.00002941|1510594270
0.00002941|1510594283
0.00002931|1510594295
0.00002941|1510594308
0.00002941|1510594319
0.00002931|1510594330
0.00002939|1510594345
0.00002937|1510594357
0.00002941|1510594368
0.00002939|1510594380
0.00002944|1510594392
0.00002928|1510594402
0.00002934|1510594416
0.00002934|1510594428
0.00002941|1510594441
0.00002933|1510594452
0.00002941|1510594466
0.00002945|1510594477
0.00002946|1510594487
0.00002945|1510594502
0.00002946|1510594513
0.00002945|1510594525
0.00002935|1510594537
0.00002929|1510594549
0.00002940|1510594561
0.00002934|1510594573
0.00002925|1510594585
0.00002928|1510594597
0.00002937|1510594609
0.00002937|1510594621
0.00002928|1510594631
0.00002923|1510594646
0.00002944|1510594657
0.00002942|1510594670
0.00002942|1510594683
0.00002926|1510594695
0.00002929|1510594706
0.00002927|1510594718
0.00002934|1510594731
0.00002937|1510594743
0.00002933|1510594755
0.00002942|1510594766
0.00002937|1510594780
0.00002929|1510594792
0.00002918|1510594804
0.00002942|1510594819
0.00002944|1510594833
0.00002932|1510594845
0.00002944|1510594856
0.00002943|1510594869
0.00002926|1510594883
0.00002927|1510594895
0.00002926|1510594906
0.00002932|1510594920
0.00002930|1510594930
0.00002925|1510594943
0.00002929|1510594955
0.00002941|1510594967
0.00002933|1510594980
0.00002979|1510594992
0.00002933|1510595005
0.00002929|1510595016
0.00002928|1510595028
0.00002966|1510595039
0.00002956|1510595051
0.00002932|1510595063
0.00002956|1510595075
0.00002966|1510595085
0.00002971|1510595098
0.00002967|1510595111
0.00002942|1510595123
0.00002940|1510595135
0.00002933|1510595147
0.00002938|1510595160
0.00002947|1510595171
0.00002949|1510595182
0.00002958|1510595196
0.00002950|1510595207
0.00002959|1510595220
0.00002956|1510595232
0.00002958|1510595242
0.00002955|1510595256
0.00002965|1510595268
0.00002958|1510595280
0.00002965|1510595290
0.00002963|1510595303
0.00002963|1510595316
0.00002963|1510595331
0.00002961|1510595345
0.00002962|1510595358
0.00002962|1510595369
0.00002964|1510595382
0.00002964|1510595395
0.00002965|1510595407
0.00002960|1510595419
0.00002962|1510595431
0.00002964|1510595442
0.00002961|1510595456
0.00002958|1510595468
0.00002962|1510595480
0.00002962|1510595492
0.00002961|1510595505
0.00002950|1510595516
0.00002963|1510595530
0.00002974|1510595541
0.00002958|1510595554
0.00002956|1510595566
0.00002974|1510595578
0.00002974|1510595587
0.00002965|1510595600
0.00002959|1510595615
0.00002968|1510595626
0.00002967|1510595636
0.00002966|1510595650
0.00002970|1510595661
0.00002971|1510595675
0.00002963|1510595687
0.00002968|1510595697
0.00002964|1510595712
0.00002964|1510595722
0.00002963|1510595736
0.00002957|1510595748
0.00002963|1510595760
0.00002971|1510595771
0.00002957|1510595783
0.00002971|1510595796
0.00002962|1510595808
0.00002957|1510595820
0.00002963|1510595832
0.00002963|1510595844
0.00002968|1510595856
0.00002955|1510595868
0.00002957|1510595880
0.00002963|1510595892
0.00002969|1510595904
0.00002956|1510595916
0.00002961|1510595929
0.00002966|1510595946
0.00002956|1510595958
0.00002968|1510595971
0.00002957|1510595983
0.00002967|1510595995
0.00002966|1510596007
0.00002970|1510596025
0.00002957|1510596036
0.00002961|1510596048
0.00002963|1510596061
0.00002948|1510596072
0.00002947|1510596085
0.00002968|1510596097
0.00002950|1510596110
0.00002966|1510596123
0.00002965|1510596136
0.00002972|1510596147
0.00002972|1510596160
0.00002954|1510596171
0.00002964|1510596184
0.00002969|1510596196
0.00002969|1510596208
0.00002961|1510596220
0.00002959|1510596232
0.00002967|1510596244
0.00002946|1510596256
0.00002956|1510596268
0.00002972|1510596280
0.00002968|1510596291
0.00002946|1510596302
0.00002942|1510596316
0.00002965|1510596328
0.00002926|1510596340
0.00002921|1510596352
0.00002907|1510596364
0.00002917|1510596376
0.00002896|1510596388
0.00002902|1510596399
0.00002920|1510596411
0.00002921|1510596423
0.00002916|1510596436
0.00002928|1510596448
0.00002940|1510596458
0.00002952|1510596472
0.00002958|1510596483
0.00002926|1510596496
0.00002936|1510596507
0.00002955|1510596520
0.00002932|1510596530
0.00002958|1510596543
0.00002955|1510596556
0.00002931|1510596568
0.00002923|1510596580
0.00002950|1510596591
0.00002921|1510596602
0.00002980|1510596616
0.00002932|1510596628
0.00002911|1510596638
0.00002919|1510596652
0.00002964|1510596664
0.00002966|1510596676
0.00002966|1510596688
0.00002972|1510596700
0.00002987|1510596712
0.00002987|1510596723
0.00002975|1510596735
0.00002965|1510596746
0.00002988|1510596758
0.00003009|1510596771
0.00002949|1510596783
0.00002929|1510596796
0.00002946|1510596807
0.00002961|1510596820
0.00002997|1510596830
0.00002988|1510596844
0.00002977|1510596856
0.00002985|1510596867
0.00002997|1510596880
0.00002993|1510596892
0.00002985|1510596904
0.00002932|1510596916
0.00002942|1510596927
0.00002958|1510596940
0.00002941|1510596951
0.00002965|1510596963
0.00002947|1510596974
0.00002958|1510596987
0.00002950|1510596999
0.00002962|1510597011
0.00002970|1510597021
0.00002932|1510597035
0.00002917|1510597046
0.00002939|1510597059
0.00002917|1510597070
0.00002919|1510597080
0.00002931|1510597094
0.00002918|1510597106
0.00002961|1510597118
0.00002961|1510597130
0.00002937|1510597141
0.00002938|1510597152
0.00002938|1510597166
0.00002933|1510597177
0.00002918|1510597190
0.00002943|1510597202
0.00002920|1510597211
0.00002918|1510597225
0.00002952|1510597237
0.00002909|1510597249
0.00002912|1510597261
0.00002926|1510597273
0.00002947|1510597284
0.00002941|1510597296
0.00002945|1510597308
0.00002931|1510597320
0.00002940|1510597332
0.00002960|1510597344
0.00002956|1510597356
0.00002941|1510597367
0.00002916|1510597379
0.00002949|1510597391
0.00002949|1510597403
0.00002924|1510597415
0.00002923|1510597427
0.00002940|1510597438
0.00002917|1510597451
0.00002943|1510597463
0.00002943|1510597475
0.00002981|1510597487
0.00002954|1510597499
0.00002933|1510597510
0.00002955|1510597522
0.00002944|1510597533
0.00002929|1510597546
0.00002954|1510597558
0.00002954|1510597570
0.00002942|1510597581
0.00002962|1510597593
0.00002941|1510597605
0.00002945|1510597616
0.00002996|1510597629
0.00002957|1510597641
0.00002956|1510597653
0.00002953|1510597664
0.00002925|1510597676
0.00002997|1510597688
0.00002934|1510597700
0.00002979|1510597712
0.00002956|1510597724
0.00002974|1510597736
0.00002978|1510597747
0.00002958|1510597760
0.00002948|1510597772
0.00002960|1510597784
0.00002966|1510597795
0.00002981|1510597806
0.00002958|1510597817
0.00002970|1510597830
0.00002953|1510597842
0.00002938|1510597853
0.00002980|1510597867
0.00002970|1510597879
0.00002975|1510597890
0.00002962|1510597902
0.00002962|1510597913
0.00002970|1510597926
0.00002955|1510597936
0.00002973|1510597950
0.00002946|1510597962
0.00002976|1510597974
0.00002975|1510597985
0.00002954|1510597998
0.00002940|1510598008
0.00002938|1510598022
0.00002976|1510598030
0.00002988|1510598046
0.00002985|1510598057
0.00002958|1510598069
0.00002973|1510598081
0.00003000|1510598091
0.00002937|1510598106
0.00002975|1510598117
0.00002997|1510598128
0.00002997|1510598141
0.00002950|1510598152
0.00002959|1510598166
0.00002986|1510598177
0.00002949|1510598190
0.00002949|1510598202
0.00002953|1510598212
0.00002964|1510598226
0.00002954|1510598237
0.00002955|1510598250
0.00002947|1510598261
0.00002986|1510598271
0.00002940|1510598286
0.00002931|1510598297
0.00002931|1510598309
0.00002931|1510598321
0.00002931|1510598333
0.00002931|1510598345
0.00002962|1510598358
0.00002962|1510598370
0.00002962|1510598380
0.00002962|1510598394
0.00002962|1510598406
0.00002962|1510598418
0.00002933|1510598430
0.00002933|1510598441
0.00002933|1510598450
0.00002933|1510598466
0.00002929|1510598476
0.00002929|1510598490
0.00002942|1510598503
0.00002942|1510598514
0.00002942|1510598526
0.00002942|1510598536
0.00002926|1510598551
0.00002926|1510598560
0.00002926|1510598576
0.00002926|1510598586
0.00002926|1510598600
0.00002926|1510598606
0.00002927|1510598621
0.00002927|1510598633
0.00002927|1510598647
0.00002927|1510598660
0.00002927|1510598670
0.00002929|1510598681
0.00002929|1510598696
0.00002929|1510598706
0.00002929|1510598720
0.00002929|1510598726
0.00002929|1510598740
0.00002929|1510598755
0.00002929|1510598766
0.00002929|1510598780
0.00002929|1510598790
0.00002929|1510598801
0.00002929|1510598811
0.00002929|1510598826
0.00002929|1510598836
0.00002929|1510598850
0.00002929|1510598861
0.00002929|1510598876
0.00002929|1510598886
0.00002929|1510598900
0.00002929|1510598906
0.00002929|1510598925
0.00002929|1510598936
0.00002929|1510598946
0.00002929|1510598961
0.00002929|1510598972
0.00002929|1510598986
0.00002929|1510598996
0.00002929|1510599006
0.00002929|1510599021
0.00002929|1510599035
0.00002929|1510599046
0.00002929|1510599056
0.00002929|1510599070
0.00002929|1510599081
0.00002929|1510599100
0.00002929|1510599111
0.00002929|1510599121
0.00002929|1510599136
0.00002929|1510599146
0.00002929|1510599160
0.00002929|1510599171
0.00002929|1510599180
0.00002929|1510599196
0.00002929|1510599206
0.00002929|1510599220
0.00002929|1510599231
0.00002929|1510599241
0.00002929|1510599246
0.00002929|1510599266
0.00002929|1510599276
0.00002929|1510599291
0.00002929|1510599303
0.00002929|1510599316
0.00002929|1510599326
0.00002929|1510599340
0.00002929|1510599351
0.00002929|1510599360
0.00002929|1510599376
0.00002929|1510599386
0.00002929|1510599400
0.00002929|1510599411
0.00002929|1510599421
0.00002929|1510599435
0.00002929|1510599446
0.00002929|1510599460
0.00002929|1510599471
0.00002929|1510599480
0.00002929|1510599495
0.00002929|1510599506
0.00002929|1510599516
0.00002929|1510599531
0.00002929|1510599540
0.00002929|1510599546
0.00002929|1510599566
0.00002929|1510599576
0.00002929|1510599586
0.00002929|1510599600
0.00002929|1510599606
0.00002929|1510599621
0.00002929|1510599630
0.00002929|1510599646
0.00002929|1510599656
0.00002929|1510599670
0.00002929|1510599681
0.00002929|1510599696
0.00002929|1510599708
0.00002929|1510599720
0.00002929|1510599726
0.00002929|1510599741
0.00002929|1510599756
0.00002929|1510599766
0.00002929|1510599780
0.00002929|1510599786
0.00002929|1510599805
0.00002929|1510599816
0.00002929|1510599831
0.00002929|1510599841
0.00002929|1510599846
0.00002929|1510599866
0.00002929|1510599876
0.00002929|1510599891
0.00002929|1510599900
0.00002929|1510599910
0.00002929|1510599926
0.00002929|1510599939
0.00002929|1510599951
0.00002929|1510599960
0.00002929|1510599970
0.00002929|1510599986
0.00002929|1510599996
0.00002929|1510600011
0.00002929|1510600021
0.00002926|1510600034
0.00002926|1510600046
0.00002926|1510600060
0.00002926|1510600071
0.00002926|1510600080
0.00002926|1510600095
0.00002926|1510600106
0.00002926|1510600116
0.00002926|1510600131
0.00002926|1510600140
0.00002926|1510600155
0.00002926|1510600166
0.00002926|1510600180
0.00002926|1510600191
0.00002926|1510600200
0.00002926|1510600215
0.00002926|1510600227
0.00002926|1510600240
0.00002926|1510600251
0.00002926|1510600266
0.00002926|1510600276
0.00002926|1510600291
0.00002941|1510600303
0.00002959|1510600316
0.00002975|1510600327
0.00002973|1510600337
0.00002992|1510600351
0.00002963|1510600363
0.00002959|1510600375
0.00002981|1510600387
0.00002941|1510600399
0.00002961|1510600411
0.00002948|1510600421
0.00002956|1510600435
0.00002978|1510600447
0.00002970|1510600457
0.00002944|1510600470
0.00002944|1510600481
0.00002967|1510600494
0.00002944|1510600506
0.00002933|1510600516
0.00002952|1510600529
0.00002963|1510600541
0.00002984|1510600552
0.00002949|1510600567
0.00002948|1510600578
0.00003003|1510600589
0.00002948|1510600603
0.00002977|1510600612
0.00003014|1510600626
0.00003055|1510600639
0.00002926|1510600650
0.00003098|1510600663
0.00002967|1510600672
0.00002961|1510600686
0.00002943|1510600700
0.00003036|1510600712
0.00002936|1510600723
0.00002950|1510600735
0.00002965|1510600747
0.00003008|1510600759
0.00003006|1510600770
0.00002920|1510600780
0.00002920|1510600796
0.00002920|1510600806
0.00002916|1510600817
0.00002924|1510600830
0.00002938|1510600842
0.00002914|1510600855
0.00002912|1510600866
0.00002914|1510600881
0.00002925|1510600892
0.00002920|1510600904
0.00002936|1510600916
0.00002943|1510600929
0.00002934|1510600941
0.00002934|1510600952
0.00002915|1510600965
0.00002911|1510600977
0.00002912|1510600986
0.00002913|1510601001
0.00002913|1510601006
0.00002910|1510601026
0.00002915|1510601036
0.00002910|1510601046
0.00002913|1510601066
0.00002916|1510601079
0.00002956|1510601091
0.00002928|1510601101
0.00002914|1510601110
0.00002912|1510601127
0.00002913|1510601138
0.00002926|1510601151
0.00002922|1510601163
0.00002927|1510601173
0.00002977|1510601186
0.00002965|1510601196
0.00002989|1510601211
0.00002989|1510601222
0.00002986|1510601234
0.00003014|1510601246
0.00002965|1510601260
0.00002972|1510601274
0.00002972|1510601286
0.00002987|1510601296
0.00002973|1510601310
0.00002969|1510601321
0.00002970|1510601333
0.00002972|1510601346
0.00002970|1510601356
0.00002971|1510601370
0.00002971|1510601381
0.00002976|1510601395
0.00002978|1510601407
0.00002977|1510601420
0.00002979|1510601432
0.00002979|1510601444
0.00002997|1510601456
0.00002995|1510601466
0.00003010|1510601480
0.00003060|1510601487
0.00003027|1510601502
0.00003097|1510601515
0.00002997|1510601526
0.00003003|1510601537
0.00002966|1510601556
0.00003054|1510601567
0.00002988|1510601580
0.00002984|1510601591
0.00002973|1510601601
0.00002974|1510601616
0.00002982|1510601627
0.00002964|1510601639
0.00002982|1510601651
0.00002982|1510601664
0.00002965|1510601676
0.00002962|1510601687
0.00002967|1510601700
0.00002975|1510601710
0.00002969|1510601725
0.00002976|1510601737
0.00002976|1510601748
0.00002967|1510601760
0.00002976|1510601773
0.00002964|1510601785
0.00002967|1510601797
0.00002962|1510601809
0.00002966|1510601821
0.00002961|1510601833
0.00002971|1510601845
0.00002974|1510601857
0.00002974|1510601869
0.00002963|1510601880
0.00002966|1510601891
0.00002972|1510601901
0.00002981|1510601916
0.00002970|1510601928
0.00002969|1510601940
0.00002978|1510601952
0.00002975|1510601965
0.00002975|1510601977
0.00002963|1510601987
0.00002969|1510602001
0.00002981|1510602012
0.00002967|1510602024
0.00002975|1510602037
0.00002981|1510602048
0.00002971|1510602061
0.00002972|1510602073
0.00002975|1510602086
0.00002970|1510602097
0.00002965|1510602111
0.00002965|1510602121
0.00002972|1510602136
0.00002970|1510602147
0.00002970|1510602156
0.00002969|1510602171
0.00002978|1510602183
0.00002967|1510602195
0.00002970|1510602207
0.00002965|1510602216
0.00002966|1510602230
0.00002966|1510602240
0.00002972|1510602251
0.00002966|1510602261
0.00002968|1510602276
0.00002972|1510602286
0.00002967|1510602300
0.00002969|1510602309
0.00002965|1510602324
0.00002972|1510602336
0.00002970|1510602347
0.00002966|1510602361
0.00002980|1510602374
0.00002971|1510602390
0.00002970|1510602400
0.00002970|1510602414
0.00002965|1510602426
0.00002979|1510602436
0.00002965|1510602447
0.00002977|1510602461
0.00002971|1510602472
0.00002975|1510602486
0.00002981|1510602497
0.00002981|1510602507
0.00002970|1510602521
0.00002985|1510602535
0.00002979|1510602548
0.00002972|1510602560
0.00002976|1510602571
0.00002969|1510602581
0.00002976|1510602596
0.00002974|1510602606
0.00002971|1510602620
0.00002996|1510602632
0.00002982|1510602641
0.00002985|1510602651
0.00002973|1510602667
0.00002974|1510602680
0.00002974|1510602687
0.00002983|1510602700
0.00002952|1510602715
0.00002969|1510602726
0.00002969|1510602739
0.00003098|1510602751
0.00003035|1510602763
0.00003034|1510602774
0.00003033|1510602786
0.00003015|1510602799
0.00002968|1510602810
0.00003025|1510602821
0.00003035|1510602835
0.00002967|1510602846
0.00002958|1510602858
0.00002959|1510602870
0.00002959|1510602881
0.00002963|1510602895
0.00002972|1510602906
0.00002964|1510602917
0.00002956|1510602931
0.00002966|1510602943
0.00002973|1510602955
0.00002973|1510602966
0.00002969|1510602977
0.00002963|1510602990
0.00002963|1510603000
0.00002966|1510603011
0.00002970|1510603027
0.00002974|1510603039
0.00002997|1510603048
0.00002976|1510603061
0.00002971|1510603075
0.00002985|1510603086
0.00002962|1510603097
0.00002962|1510603108
0.00002972|1510603123
0.00002965|1510603131
0.00002990|1510603146
0.00002989|1510603159
0.00002974|1510603170
0.00002974|1510603180
0.00002989|1510603195
0.00002971|1510603208
0.00002977|1510603219
0.00002977|1510603227
0.00002984|1510603241
0.00002984|1510603255
0.00002978|1510603266
0.00002970|1510603281
0.00002973|1510603296
0.00002977|1510603307
0.00002977|1510603320
0.00002975|1510603326
0.00002985|1510603344
0.00002974|1510603356
0.00002974|1510603367
0.00002991|1510603377
0.00002991|1510603386
0.00002976|1510603402
0.00002959|1510603414
0.00002961|1510603426
0.00002963|1510603438
0.00002970|1510603447
0.00002979|1510603461
0.00002979|1510603470
0.00002970|1510603486
0.00002975|1510603497
0.00002973|1510603510
0.00002971|1510603523
0.00002974|1510603535
0.00002977|1510603547
0.00002969|1510603560
0.00002975|1510603576
0.00002977|1510603588
0.00002974|1510603596
0.00002984|1510603611
0.00002969|1510603623
0.00002969|1510603636
0.00002961|1510603646
0.00002961|1510603656
0.00002977|1510603671
0.00002977|1510603680
0.00002958|1510603695
0.00002982|1510603707
0.00002982|1510603721
0.00002980|1510603731
0.00002964|1510603746
0.00002964|1510603756
0.00002977|1510603770
0.00002978|1510603780
0.00002978|1510603794
0.00002956|1510603806
0.00002967|1510603817
0.00002997|1510603830
0.00002981|1510603840
0.00003097|1510603854
0.00003008|1510603866
0.00002993|1510603877
0.00002991|1510603890
0.00003051|1510603903
0.00003066|1510603915
0.00003073|1510603927
0.00003011|1510603938
0.00003036|1510603951
0.00002989|1510603963
0.00003043|1510603975
0.00003024|1510603986
0.00003035|1510604004
0.00003076|1510604016
0.00003055|1510604029
0.00002991|1510604040
0.00002988|1510604052
0.00003014|1510604064
0.00002976|1510604076
0.00002965|1510604089
0.00002965|1510604101
0.00002965|1510604113
0.00002995|1510604125
0.00003000|1510604137
0.00003000|1510604148
0.00003024|1510604160
0.00003005|1510604173
0.00003004|1510604185
0.00003004|1510604197
0.00003000|1510604210
0.00002979|1510604221
0.00003003|1510604234
0.00002998|1510604246
0.00002999|1510604258
0.00003000|1510604270
0.00002986|1510604281
0.00002968|1510604295
0.00002996|1510604306
0.00002969|1510604317
0.00002971|1510604329
0.00002973|1510604341
0.00003008|1510604353
0.00002967|1510604366
0.00002993|1510604378
0.00002978|1510604390
0.00002973|1510604401
0.00002975|1510604414
0.00002964|1510604426
0.00002967|1510604436
0.00002965|1510604448
0.00002978|1510604462
0.00002978|1510604473
0.00002997|1510604486
0.00002997|1510604496
0.00002963|1510604511
0.00002971|1510604522
0.00002962|1510604533
0.00002961|1510604546
0.00002964|1510604556
0.00002961|1510604571
0.00002960|1510604580
0.00002972|1510604595
0.00002972|1510604606
0.00002965|1510604616
0.00002967|1510604631
0.00002960|1510604640
0.00002978|1510604646
0.00002973|1510604666
0.00002966|1510604685
0.00002970|1510604696
0.00002959|1510604706
0.00002968|1510604716
0.00002963|1510604728
0.00002973|1510604741
0.00002968|1510604751
0.00002973|1510604760
